Cosyma[N_Chars] =	{53,57,60,51,55,42,0,60,58,43,0,56,42,44,60,47,45,46,42,3,0,86,0},	// косима спб навсегда!
test[N_Chars] =	{57,0,58,59,51,44,47,61,0,42,0,74,0,61,74,0,50,56,42,73,0,0,0},	// о привет а я тя знаю

// ошибки RU:
ErrMsgRu[6][N_Chars] =	{{58,47,59,46,47,54,0,61,57,53,42,0,0,0,0,0,0,0,0,0,0,0,0},	            // предел тока
                         {58,59,47,46,47,54,0,46,54,51,61,47,54,71,56,57,60,61,51,0,0,0,0},	    // предел длительности
                         {44,70,60,57,53,51,52,0,61,57,53,3,0,0,0,0,0,0,0,0,0,0,0},	            // высокий ток!
                         {53,57,59,57,61,53,57,47,0,50,42,55,70,53,42,56,51,47,3,0,0,0,0},	    // короткое замыкание!
                         {56,47,61,0,60,57,47,46,51,56,47,56,51,74,0,0,0,0,0,0,0,0,0},	        // нет соединения
                         {57,67,51,43,53,42,0,58,42,55,74,61,51,3,0,0,0,0,0,0,0,0,0}},	        // ошибка памяти!
batt_ru[N_Chars] =	{56,51,50,53,51,52,0,50,42,59,74,46,0,43,42,61,42,59,47,51,3,0,0},	// низкий заряд батареи!

